5.000e-01  2.590e+07 3.142e+00 
1.500e+00  5.624e+06 9.425e+00 
2.500e+00  3.639e+06 1.571e+01 
3.500e+00  4.083e+06 2.199e+01 
4.500e+00  6.857e+06 2.827e+01 
5.500e+00  6.155e+06 3.456e+01 
6.500e+00  4.270e+06 4.084e+01 
7.500e+00  2.639e+06 4.712e+01 
8.500e+00  3.074e+06 5.341e+01 
9.500e+00  1.086e+06 5.969e+01 
1.050e+01  7.051e+05 6.597e+01 
1.150e+01  6.714e+05 7.226e+01 
1.250e+01  3.103e+05 7.854e+01 
1.350e+01  2.403e+05 8.482e+01 
1.450e+01  1.230e+05 9.111e+01 
1.550e+01  8.384e+04 9.739e+01 
1.650e+01  5.820e+04 1.037e+02 
1.750e+01  4.357e+04 1.100e+02 
1.850e+01  1.850e+04 1.162e+02 
1.950e+01  3.016e+04 1.225e+02 
2.050e+01  1.189e+04 1.288e+02 
2.150e+01  4.916e+03 1.351e+02 
2.250e+01  1.735e+04 1.414e+02 
2.350e+01  1.272e+04 1.477e+02 
2.450e+01  2.353e+04 1.539e+02 
2.550e+01  5.290e+03 1.602e+02 
2.650e+01  1.392e+03 1.665e+02 
2.750e+01  3.705e+04 1.728e+02 
2.850e+01  2.407e+04 1.791e+02 
2.950e+01  1.605e+03 1.854e+02 
