5.000e-01  3.073e-02 3.142e+00 
1.500e+00  1.203e-03 9.425e+00 
2.500e+00  1.146e-03 1.571e+01 
3.500e+00  1.866e-03 2.199e+01 
4.500e+00  6.007e-03 2.827e+01 
5.500e+00  7.101e-03 3.456e+01 
6.500e+00  5.392e-03 4.084e+01 
7.500e+00  2.829e-03 4.712e+01 
8.500e+00  5.526e-03 5.341e+01 
9.500e+00  6.351e-04 5.969e+01 
1.050e+01  4.398e-04 6.597e+01 
1.150e+01  9.581e-04 7.226e+01 
1.250e+01  3.607e-04 7.854e+01 
1.350e+01  1.307e-04 8.482e+01 
1.450e+01  1.176e-04 9.111e+01 
1.550e+01  4.663e-05 9.739e+01 
1.650e+01  9.331e-05 1.037e+02 
1.750e+01  2.336e-05 1.100e+02 
1.850e+01  2.007e-05 1.162e+02 
1.950e+01  9.670e-05 1.225e+02 
2.050e+01  1.087e-05 1.288e+02 
2.150e+01  2.203e-06 1.351e+02 
2.250e+01  5.115e-06 1.414e+02 
2.350e+01  7.762e-06 1.477e+02 
2.450e+01  1.424e-05 1.539e+02 
2.550e+01  7.366e-06 1.602e+02 
2.650e+01  7.016e-06 1.665e+02 
2.750e+01  3.641e-05 1.728e+02 
2.850e+01  1.145e-05 1.791e+02 
2.950e+01  6.772e-07 1.854e+02 
